0,443
0,442
0,441
0,440
0,439
0,438
0,437
0,436
0,435
0,434
0,433
43,5
43,4
43,3
43,2
43,1
43,0
0,432
0,431
0,430
0,429
0,428
0,427
0,426
0,425
0,424
42,4
42,3
42,2
42,1
42,0
35,4
41,3
41,2
41,1
41,0
40,3
40,2
40,1
40,0
39,3
39,2
39,1
39,0
38,3
38,2
38,1
38,0
37,3
37,2
37,1
37,0
36,3
36,2
36,1
36,0
35,3
35,2
35,1
35,0
0,423
0,422
0,421
0,420
0,419
0,418
3,2
10,225
10,279
10,257
10,263
10,141
10,127
10,2
10,3
11,10
11,28
11,26
11,30
11,24
11,2
11,3
33,5
33,4
33,3
9,2
9,3
8,14
8,8
8,13
33,2
8,10
33,1
33,0
31,3
8,17
31,2
